1.099713549351545971e+00
1.954753270687144440e+00
5.088069736825124423e+00
1.098946391839635828e+00
1.155646290926659381e+00
2.546707750514551449e+00
2.579210683577426444e-01
3.521210221882413727e+00
2.316171719872541335e+00
2.969737280745850860e+00
4.153888466160364779e+00
1.559057250605477174e+00
2.580794771832578771e+00
4.130944858120395580e+00
3.872424614392627529e+00
3.195953114939300566e+00
2.788592725348048695e+00
1.662004770198537207e+00
2.641731620669912850e+00
1.818428261979276872e+00
4.375677611346771911e+00
5.706544485896107410e+00
5.430043464782569274e+00
3.498278658997202584e+00
3.616211267981765065e+00
4.200175144815358586e+00
4.451272797299574258e+00
3.517500147914965236e+00
3.341731555762057049e+00
2.701654229398866569e+00
2.761028060455315014e+00
4.384737998599122832e+00
3.733985427083874153e+00
2.951067590414608421e+00
4.865512575377566762e+00
5.452688061630020400e+00
4.594771878844397861e+00
3.869756070643231016e+00
5.061961702560658694e+00
4.839828144979003710e+00
4.014662605204283530e+00
5.218623776226183786e+00
4.904736975064713178e+00
5.322238666853230882e+00
6.163601576872025589e+00
4.659460308011937890e+00
5.603223698534673503e+00
4.231293913118722827e+00
5.623981336049437729e+00
5.172619926552678216e+00
6.279804814328303841e+00
4.901792863945676260e+00
6.106528967984953482e+00
5.298882423221536797e+00
5.175107410353222193e+00
5.911648848209293483e+00
6.582489928125168532e+00
6.051297700826054893e+00
6.497356299473993957e+00
4.354820255237985549e+00
7.750670347967448137e+00
7.959722256537583363e+00
6.764024079253275090e+00
5.616643685951125065e+00
6.972185180295394247e+00
6.766127615646842841e+00
